# oST version 5.0 parameters


[image]

width
968

height
420

[narrow_stereo/right]

camera matrix
673.536667 0.000000 495.800352
0.000000 676.397490 314.863826
0.000000 0.000000 1.000000

distortion
-0.158621 0.087699 -0.003051 0.002022 0.000000

rectification
0.995941 0.023270 -0.086950
-0.022669 0.999712 0.007887
0.087109 -0.005884 0.996181

projection
826.677810 0.000000 470.954651 -798.907399
0.000000 826.677810 304.535316 0.000000
0.000000 0.000000 1.000000 0.000000
