('D = ', [-0.15533475656174817, 0.08879169058396606, -0.0010750049014094615, 0.0010839893349283293, 0.0])
('K = ', [677.8144360359963, 0.0, 497.60307370873943, 0.0, 677.3285414678405, 311.05536356746785, 0.0, 0.0, 1.0])
('R = ', [1.0, 0.0, 0.0, 0.0, 1.0, 0.0, 0.0, 0.0, 1.0])
('P = ', [637.0108642578125, 0.0, 499.9025052372672, 0.0, 0.0, 657.5474853515625, 310.9470160292258, 0.0, 0.0, 0.0, 1.0, 0.0])
None
# oST version 5.0 parameters


[image]

width
968

height
608

[narrow_stereo]

camera matrix
677.814436 0.000000 497.603074
0.000000 677.328541 311.055364
0.000000 0.000000 1.000000

distortion
-0.155335 0.088792 -0.001075 0.001084 0.000000

rectification
1.000000 0.000000 0.000000
0.000000 1.000000 0.000000
0.000000 0.000000 1.000000

projection
637.010864 0.000000 499.902505 0.000000
0.000000 657.547485 310.947016 0.000000
0.000000 0.000000 1.000000 0.000000
