# oST version 5.0 parameters


[image]

width
968

height
420

[narrow_stereo/left]

camera matrix
680.416913 0.000000 486.161827
0.000000 682.443791 303.786337
0.000000 0.000000 1.000000

distortion
-0.155430 0.085419 -0.003258 -0.001015 0.000000

rectification
0.991376 -0.012157 0.130484
0.013058 0.999896 -0.006052
-0.130397 0.007704 0.991432

projection
826.677810 0.000000 470.954651 0.000000
0.000000 826.677810 304.535316 0.000000
0.000000 0.000000 1.000000 0.000000
