('D = ', [-0.14459828507793096, 0.0822975261597156, 0.0003296134206514374, 0.00020505370391490875, 0.0])
('K = ', [678.6098281082561, 0.0, 482.78767230061504, 0.0, 678.3349393965361, 301.3537774930043, 0.0, 0.0, 1.0])
('R = ', [1.0, 0.0, 0.0, 0.0, 1.0, 0.0, 0.0, 0.0, 1.0])
('P = ', [640.8095703125, 0.0, 482.9622190288501, 0.0, 0.0, 660.0428466796875, 301.3703185489321, 0.0, 0.0, 0.0, 1.0, 0.0])
None
# oST version 5.0 parameters


[image]

width
968

height
608

[narrow_stereo]

camera matrix
678.609828 0.000000 482.787672
0.000000 678.334939 301.353777
0.000000 0.000000 1.000000

distortion
-0.144598 0.082298 0.000330 0.000205 0.000000

rectification
1.000000 0.000000 0.000000
0.000000 1.000000 0.000000
0.000000 0.000000 1.000000

projection
640.809570 0.000000 482.962219 0.000000
0.000000 660.042847 301.370319 0.000000
0.000000 0.000000 1.000000 0.000000

